13
14 4 1 3 0
10 2 1 9 0
19 4 2 3 0
18 3 2 9 0
8 2 3 2 0
3 2 3 6 0
16 2 3 11 0
8 2 4 1 0
22 4 4 5 0
22 3 4 10 0
10 2 5 1 0
8 2 5 5 0
18 3 5 8 0
22 4 6 1 0
11 2 6 9 0
12 2 7 3 0
22 4 7 9 0
10 3 8 3 0
16 2 8 7 0
6 2 8 11 0
15 3 9 1 0
17 4 9 5 0
12 2 9 11 0
13 2 10 1 0
9 2 10 6 0
10 2 10 10 0
12 3 11 2 0
16 4 11 7 0
8 2 12 3 0
21 4 12 7 0
6 3 4 1 1
16 2 9 1 1
30 4 3 2 1
7 3 9 2 1
7 3 1 3 1
30 4 6 3 1
16 2 11 3 1
17 2 1 4 1
6 3 6 4 1
3 2 11 4 1
3 2 1 5 1
16 2 4 5 1
3 2 8 5 1
15 5 1 6 1
3 2 9 6 1
3 2 3 7 1
34 5 8 7 1
16 2 4 8 1
17 2 8 8 1
4 2 11 8 1
17 2 1 9 1
7 3 5 9 1
17 2 11 9 1
3 2 1 10 1
29 4 4 10 1
6 3 10 10 1
24 3 2 11 1
29 4 7 11 1
17 2 3 12 1
7 3 7 12 1