13
11 2 1 2 0
19 3 1 9 0
6 3 2 2 0
18 3 2 9 0
11 2 3 1 0
10 3 3 4 0
11 2 3 8 0
19 3 4 1 0
9 2 4 5 0
15 2 4 8 0
15 4 5 2 0
16 2 5 7 0
11 2 5 11 0
28 6 6 2 0
7 3 6 10 0
10 3 7 1 0
32 6 7 6 0
8 2 8 1 0
11 2 8 5 0
14 4 8 8 0
10 2 9 4 0
10 2 9 7 0
6 3 9 10 0
9 2 10 4 0
11 3 10 7 0
4 2 10 11 0
13 3 11 2 0
16 3 11 9 0
12 3 12 2 0
13 2 12 10 0
16 2 3 1 1
4 2 7 1 1
44 8 1 2 1
3 2 11 2 1
3 2 1 3 1
10 4 4 3 1
16 2 11 3 1
4 2 2 4 1
3 2 5 4 1
10 4 9 4 1
30 4 3 5 1
24 3 8 5 1
4 2 3 6 1
7 3 6 6 1
24 3 5 7 1
3 2 9 7 1
23 3 3 8 1
30 4 7 8 1
29 4 1 9 1
4 2 7 9 1
3 2 10 9 1
4 2 1 10 1
10 4 6 10 1
17 2 11 10 1
16 2 1 11 1
38 8 5 11 1
3 2 5 12 1
3 2 9 12 1