13
11 2 1 2 0
14 3 1 5 0
8 2 1 9 0
31 6 2 2 0
6 2 2 9 0
15 3 3 2 0
3 2 3 6 0
23 4 3 9 0
14 2 4 1 0
10 2 4 4 0
16 2 4 8 0
10 2 4 11 0
17 3 5 1 0
3 2 5 5 0
19 3 5 8 0
12 3 6 1 0
24 5 6 6 0
26 5 7 3 0
13 3 7 10 0
12 3 8 3 0
8 2 8 7 0
8 3 8 10 0
10 2 9 1 0
10 2 9 4 0
10 2 9 8 0
7 2 9 11 0
14 4 10 1 0
9 2 10 6 0
20 3 10 9 0
9 2 11 3 0
28 6 11 6 0
8 2 12 3 0
12 3 12 6 0
10 2 12 10 0
24 3 4 1 1
16 2 9 1 1
39 6 1 2 1
3 2 9 2 1
6 3 1 3 1
10 4 5 3 1
6 3 10 3 1
24 3 2 4 1
39 6 7 4 1
17 2 1 5 1
3 2 4 5 1
7 3 7 5 1
7 3 1 6 1
6 3 5 6 1
24 3 10 6 1
6 3 1 7 1
24 3 6 7 1
6 3 10 7 1
23 3 4 8 1
4 2 8 8 1
3 2 11 8 1
39 6 1 9 1
24 3 9 9 1
7 3 1 10 1
11 4 5 10 1
23 3 10 10 1
4 2 3 11 1
22 6 7 11 1
16 2 3 12 1
7 3 7 12 1