13
10 2 1 3 0
9 2 1 7 0
12 3 1 10 0
22 4 2 1 0
30 6 2 7 0
20 3 3 1 0
20 3 3 7 0
24 4 4 2 0
8 2 4 9 0
27 4 5 3 0
18 3 5 8 0
15 2 6 3 0
21 3 6 6 0
11 3 7 5 0
9 2 7 9 0
19 3 8 3 0
25 4 8 7 0
13 2 9 3 0
25 4 9 8 0
18 3 10 4 0
12 3 10 10 0
30 6 11 1 0
18 4 11 9 0
12 3 12 1 0
11 2 12 5 0
5 2 12 9 0
17 2 2 1 1
17 2 11 1 1
24 3 2 2 1
4 2 11 2 1
38 6 1 3 1
16 2 8 3 1
3 2 11 3 1
4 2 1 4 1
24 3 4 4 1
30 4 8 4 1
4 2 4 5 1
3 2 7 5 1
24 3 10 5 1
24 3 5 6 1
7 3 10 6 1
7 3 1 7 1
7 3 6 7 1
24 3 1 8 1
17 2 5 8 1
16 2 8 8 1
30 4 2 9 1
24 3 7 9 1
4 2 11 9 1
16 2 1 10 1
4 2 4 10 1
22 6 7 10 1
4 2 1 11 1
24 3 9 11 1
3 2 1 12 1
3 2 10 12 1